0 0.25 0 0.0640237 0.716605 0.716839
0 0.25 0.19 0.0640237 0.716605 0.716839
0 0.25 0.36 0.0640237 0.716605 0.716839
0 0.25 0.51 0.0640237 0.716605 0.716839
0 0.25 0.64 0.0640237 0.716605 0.716839
0 0.25 0.75 0.0640237 0.716605 0.716839
0 0.25 0.84 0.0640237 0.716605 0.716839
0 0.25 0.9 0.0640237 0.716605 0.716839
0 0.25 0.96 0.0640237 0.716605 0.716839
0 0.25 0.99 0.0640237 0.716605 0.716839
0 0.5 0 0.0549876 0.557685 0.55805
0 0.5 0.19 0.0549876 0.557685 0.55805
0 0.5 0.36 0.0549876 0.557685 0.55805
0 0.5 0.51 0.0549876 0.557685 0.55805
0 0.5 0.64 0.0549876 0.557685 0.55805
0 0.5 0.75 0.0549876 0.557685 0.55805
0 0.5 0.84 0.0549876 0.557685 0.55805
0 0.5 0.9 0.0549876 0.557685 0.55805
0 0.5 0.96 0.0549876 0.557685 0.55805
0 0.5 0.99 0.0549876 0.557685 0.55805
0 0.75 0 0.0495213 0.434264 0.434503
0 0.75 0.19 0.0495213 0.434264 0.434503
0 0.75 0.36 0.0495213 0.434264 0.434503
0 0.75 0.51 0.0495213 0.434264 0.434503
0 0.75 0.64 0.0495213 0.434264 0.434503
0 0.75 0.75 0.0495213 0.434264 0.434503
0 0.75 0.84 0.0495213 0.434264 0.434503
0 0.75 0.9 0.0495213 0.434264 0.434503
0 0.75 0.96 0.0495213 0.434264 0.434503
0 0.75 0.99 0.0495213 0.434264 0.434503
0 1 0 0.0461977 0.3379 0.338341
0 1 0.19 0.0461977 0.3379 0.338341
0 1 0.36 0.0461977 0.3379 0.338341
0 1 0.51 0.0461977 0.3379 0.338341
0 1 0.64 0.0461977 0.3379 0.338341
0 1 0.75 0.0461977 0.3379 0.338341
0 1 0.84 0.0461977 0.3379 0.338341
0 1 0.9 0.0461977 0.3379 0.338341
0 1 0.96 0.0461977 0.3379 0.338341
0 1 0.99 0.0461977 0.3379 0.338341
0 1.5 0 0.0429732 0.204959 0.205185
0 1.5 0.19 0.0429732 0.204959 0.205185
0 1.5 0.36 0.0429732 0.204959 0.205185
0 1.5 0.51 0.0429732 0.204959 0.205185
0 1.5 0.64 0.0429732 0.204959 0.205185
0 1.5 0.75 0.0429732 0.204959 0.205185
0 1.5 0.84 0.0429732 0.204959 0.205185
0 1.5 0.9 0.0429732 0.204959 0.205185
0 1.5 0.96 0.0429732 0.204959 0.205185
0 1.5 0.99 0.0429732 0.204959 0.205185
0 2 0 0.0417844 0.12412 0.124444
0 2 0.19 0.0417844 0.12412 0.124444
0 2 0.36 0.0417844 0.12412 0.124444
0 2 0.51 0.0417844 0.12412 0.124444
0 2 0.64 0.0417844 0.12412 0.124444
0 2 0.75 0.0417844 0.12412 0.124444
0 2 0.84 0.0417844 0.12412 0.124444
0 2 0.9 0.0417844 0.12412 0.124444
0 2 0.96 0.0417844 0.12412 0.124444
0 2 0.99 0.0417844 0.12412 0.124444
0 4 0 0.0411084 0.0167535 0.0168412
0 4 0.19 0.0411084 0.0167535 0.0168412
0 4 0.36 0.0411084 0.0167535 0.0168412
0 4 0.51 0.0411084 0.0167535 0.0168412
0 4 0.64 0.0411084 0.0167535 0.0168412
0 4 0.75 0.0411084 0.0167535 0.0168412
0 4 0.84 0.0411084 0.0167535 0.0168412
0 4 0.9 0.0411084 0.0167535 0.0168412
0 4 0.96 0.0411084 0.0167535 0.0168412
0 4 0.99 0.0411084 0.0167535 0.0168412
0 6 0 0.0410961 0.00226918 0.00227921
0 6 0.19 0.0410961 0.00226918 0.00227921
0 6 0.36 0.0410961 0.00226918 0.00227921
0 6 0.51 0.0410961 0.00226918 0.00227921
0 6 0.64 0.0410961 0.00226918 0.00227921
0 6 0.75 0.0410961 0.00226918 0.00227921
0 6 0.84 0.0410961 0.00226918 0.00227921
0 6 0.9 0.0410961 0.00226918 0.00227921
0 6 0.96 0.0410961 0.00226918 0.00227921
0 6 0.99 0.0410961 0.00226918 0.00227921
0 8 0 0.0410959 0.000305252 0.000308457
0 8 0.19 0.0410959 0.000305252 0.000308457
0 8 0.36 0.0410959 0.000305252 0.000308457
0 8 0.51 0.0410959 0.000305252 0.000308457
0 8 0.64 0.0410959 0.000305252 0.000308457
0 8 0.75 0.0410959 0.000305252 0.000308457
0 8 0.84 0.0410959 0.000305252 0.000308457
0 8 0.9 0.0410959 0.000305252 0.000308457
0 8 0.96 0.0410959 0.000305252 0.000308457
0 8 0.99 0.0410959 0.000305252 0.000308457
0 12 0 0.0410959 5.59998e-006 5.64959e-006
0 12 0.19 0.0410959 5.59998e-006 5.64959e-006
0 12 0.36 0.0410959 5.59998e-006 5.64959e-006
0 12 0.51 0.0410959 5.59998e-006 5.64959e-006
0 12 0.64 0.0410959 5.59998e-006 5.64959e-006
0 12 0.75 0.0410959 5.59998e-006 5.64959e-006
0 12 0.84 0.0410959 5.59998e-006 5.64959e-006
0 12 0.9 0.0410959 5.59998e-006 5.64959e-006
0 12 0.96 0.0410959 5.59998e-006 5.64959e-006
0 12 0.99 0.0410959 5.59998e-006 5.64959e-006
0.1 0.25 0 0.067059 0.719618 0.716839
0.1 0.25 0.19 0.0661518 0.721089 0.716839
0.1 0.25 0.36 0.0656725 0.723019 0.716839
0.1 0.25 0.51 0.0654221 0.725228 0.716839
0.1 0.25 0.64 0.0652931 0.727494 0.716839
0.1 0.25 0.75 0.0652288 0.729623 0.716839
0.1 0.25 0.84 0.0652006 0.731468 0.716839
0.1 0.25 0.9 0.0651933 0.73273 0.716839
0.1 0.25 0.96 0.0651961 0.734002 0.716839
0.1 0.25 0.99 0.065202 0.734638 0.716839
0.1 0.5 0 0.0596841 0.562206 0.55805
0.1 0.5 0.19 0.058198 0.564487 0.55805
0.1 0.5 0.36 0.0573777 0.567479 0.55805
0.1 0.5 0.51 0.0569191 0.570923 0.55805
0.1 0.5 0.64 0.056662 0.574493 0.55805
0.1 0.5 0.75 0.0565226 0.577884 0.55805
0.1 0.5 0.84 0.0564559 0.580861 0.55805
0.1 0.5 0.9 0.0564361 0.582919 0.55805
0.1 0.5 0.96 0.0564386 0.585013 0.55805
0.1 0.5 0.99 0.0564497 0.586069 0.55805
0.1 0.75 0 0.0551247 0.439373 0.434503
0.1 0.75 0.19 0.0532699 0.442018 0.434503
0.1 0.75 0.36 0.0522124 0.445491 0.434503
0.1 0.75 0.51 0.0515929 0.449515 0.434503
0.1 0.75 0.64 0.0512263 0.453724 0.434503
0.1 0.75 0.75 0.0510164 0.457769 0.434503
0.1 0.75 0.84 0.0509094 0.461357 0.434503
0.1 0.75 0.9 0.0508732 0.463866 0.434503
0.1 0.75 0.96 0.0508695 0.466442 0.434503
0.1 0.75 0.99 0.0508819 0.467748 0.434503
0.1 1 0 0.0522987 0.343067 0.338341
0.1 1 0.19 0.0502087 0.345797 0.338341
0.1 1 0.36 0.0489885 0.349391 0.338341
0.1 1 0.51 0.0482501 0.353579 0.338341
0.1 1 0.64 0.0477969 0.358 0.338341
0.1 1 0.75 0.0475272 0.362291 0.338341
0.1 1 0.84 0.0473831 0.366142 0.338341
0.1 1 0.9 0.0473294 0.368858 0.338341
0.1 1 0.96 0.0473153 0.37167 0.338341
0.1 1 0.99 0.0473257 0.373106 0.338341
0.1 1.5 0 0.0494898 0.209436 0.205185
0.1 1.5 0.19 0.0471566 0.211876 0.205185
0.1 1.5 0.36 0.0457536 0.215108 0.205185
0.1 1.5 0.51 0.0448705 0.218925 0.205185
0.1 1.5 0.64 0.0443042 0.223023 0.205185
0.1 1.5 0.75 0.0439508 0.227081 0.205185
0.1 1.5 0.84 0.0437491 0.230794 0.205185
0.1 1.5 0.9 0.0436642 0.233462 0.205185
0.1 1.5 0.96 0.0436262 0.236267 0.205185
0.1 1.5 0.99 0.0436277 0.237717 0.205185
0.1 2 0 0.048423 0.127595 0.124444
0.1 2 0.19 0.0459929 0.129533 0.124444
0.1 2 0.36 0.0445099 0.132122 0.124444
0.1 2 0.51 0.0435579 0.135217 0.124444
0.1 2 0.64 0.0429334 0.138597 0.124444
0.1 2 0.75 0.0425329 0.142004 0.124444
0.1 2 0.84 0.0422955 0.145183 0.124444
0.1 2 0.9 0.0421887 0.147502 0.124444
0.1 2 0.96 0.0421308 0.149976 0.124444
0.1 2 0.99 0.0421234 0.15127 0.124444
0.1 4 0 0.0477947 0.0175714 0.0168412
0.1 4 0.19 0.0453044 0.0180568 0.0168412
0.1 4 0.36 0.0437662 0.0187286 0.0168412
0.1 4 0.51 0.0427615 0.0195735 0.0168412
0.1 4 0.64 0.0420876 0.0205534 0.0168412
0.1 4 0.75 0.0416426 0.0216069 0.0168412
0.1 4 0.84 0.0413669 0.0226549 0.0168412
0.1 4 0.9 0.0412336 0.0234622 0.0168412
0.1 4 0.96 0.0411486 0.0243665 0.0168412
0.1 4 0.99 0.0411274 0.0248585 0.0168412
0.1 6 0 0.0477826 0.00241756 0.00227921
0.1 6 0.19 0.045291 0.00250962 0.00227921
0.1 6 0.36 0.0437513 0.0026415 0.00227921
0.1 6 0.51 0.042745 0.00281525 0.00227921
0.1 6 0.64 0.0420693 0.00302727 0.00227921
0.1 6 0.75 0.0416223 0.00326779 0.00227921
0.1 6 0.84 0.0413446 0.00351969 0.00227921
0.1 6 0.9 0.0412097 0.00372278 0.00227921
0.1 6 0.96 0.0411228 0.00395973 0.00227921
0.1 6 0.99 0.0411005 0.00409292 0.00227921
0.1 8 0 0.0477823 0.000329527 0.000308457
0.1 8 0.19 0.0452907 0.000345157 0.000308457
0.1 8 0.36 0.043751 0.000368298 0.000308457
0.1 8 0.51 0.0427447 0.000400032 0.000308457
0.1 8 0.64 0.0420689 0.000440535 0.000308457
0.1 8 0.75 0.0416219 0.000488632 0.000308457
0.1 8 0.84 0.0413441 0.00054141 0.000308457
0.1 8 0.9 0.0412091 0.000585645 0.000308457
0.1 8 0.96 0.0411222 0.000639195 0.000308457
0.1 8 0.99 0.0410998 0.000670219 0.000308457
0.1 12 0 0.0477823 6.17887e-006 5.64959e-006
0.1 12 0.19 0.0452907 6.57465e-006 5.64959e-006
0.1 12 0.36 0.043751 7.1938e-006 5.64959e-006
0.1 12 0.51 0.0427447 8.10295e-006 5.64959e-006
0.1 12 0.64 0.0420689 9.35222e-006 5.64959e-006
0.1 12 0.75 0.0416219 1.09568e-005 5.64959e-006
0.1 12 0.84 0.0413441 1.28606e-005 5.64959e-006
0.1 12 0.9 0.0412091 1.45729e-005 5.64959e-006
0.1 12 0.96 0.0411221 1.67875e-005 5.64959e-006
0.1 12 0.99 0.0410998 1.81419e-005 5.64959e-006
0.3 0.25 0 0.0748703 0.727384 0.716839
0.3 0.25 0.19 0.0720391 0.731722 0.716839
0.3 0.25 0.36 0.0703455 0.737331 0.716839
0.3 0.25 0.51 0.0692872 0.743766 0.716839
0.3 0.25 0.64 0.0686086 0.750435 0.716839
0.3 0.25 0.75 0.068176 0.756771 0.716839
0.3 0.25 0.84 0.0679165 0.762331 0.716839
0.3 0.25 0.9 0.0677987 0.766172 0.716839
0.3 0.25 0.96 0.0677409 0.770082 0.716839
0.3 0.25 0.99 0.0677433 0.772052 0.716839
0.3 0.5 0 0.0719071 0.574054 0.55805
0.3 0.5 0.19 0.067263 0.580862 0.55805
0.3 0.5 0.36 0.0644011 0.589708 0.55805
0.3 0.5 0.51 0.0625566 0.599966 0.55805
0.3 0.5 0.64 0.0613487 0.610761 0.55805
0.3 0.5 0.75 0.0605768 0.621206 0.55805
0.3 0.5 0.84 0.0601224 0.630535 0.55805
0.3 0.5 0.9 0.059925 0.637073 0.55805
0.3 0.5 0.96 0.0598394 0.6438 0.55805
0.3 0.5 0.99 0.0598528 0.647213 0.55805
0.3 0.75 0 0.0698167 0.452975 0.434503
0.3 0.75 0.19 0.0639994 0.460977 0.434503
0.3 0.75 0.36 0.0603269 0.471433 0.434503
0.3 0.75 0.51 0.0579031 0.483679 0.434503
0.3 0.75 0.64 0.0562907 0.496752 0.434503
0.3 0.75 0.75 0.0552549 0.509616 0.434503
0.3 0.75 0.84 0.0546487 0.521305 0.434503
0.3 0.75 0.9 0.0543888 0.529608 0.434503
0.3 0.75 0.96 0.0542656 0.53793 0.434503
0.3 0.75 0.99 0.0542861 0.542356 0.434503
0.3 1 0 0.0683701 0.35702 0.338341
0.3 1 0.19 0.0617859 0.365408 0.338341
0.3 1 0.36 0.0575481 0.37642 0.338341
0.3 1 0.51 0.0546999 0.389441 0.338341
0.3 1 0.64 0.052781 0.403527 0.338341
0.3 1 0.75 0.0515405 0.417605 0.338341
0.3 1 0.84 0.0508124 0.430603 0.338341
0.3 1 0.9 0.0504995 0.439964 0.338341
0.3 1 0.96 0.0503656 0.449812 0.338341
0.3 1 0.99 0.0503865 0.454884 0.338341
0.3 1.5 0 0.0667282 0.221858 0.205185
0.3 1.5 0.19 0.059311 0.229591 0.205185
0.3 1.5 0.36 0.0544072 0.239868 0.205185
0.3 1.5 0.51 0.0510274 0.252246 0.205185
0.3 1.5 0.64 0.0487082 0.265976 0.205185
0.3 1.5 0.75 0.0471899 0.28011 0.205185
0.3 1.5 0.84 0.0462864 0.293567 0.205185
0.3 1.5 0.9 0.0458869 0.30351 0.205185
0.3 1.5 0.96 0.045685 0.31383 0.205185
0.3 1.5 0.99 0.04569 0.319442 0.205185
0.3 2 0 0.0660047 0.137473 0.124444
0.3 2 0.19 0.0582299 0.143816 0.124444
0.3 2 0.36 0.05301 0.152346 0.124444
0.3 2 0.51 0.0493566 0.162813 0.124444
0.3 2 0.64 0.0468163 0.174705 0.124444
0.3 2 0.75 0.0451325 0.187289 0.124444
0.3 2 0.84 0.0441131 0.199616 0.124444
0.3 2 0.9 0.0436472 0.208957 0.124444
0.3 2 0.96 0.0433981 0.219227 0.124444
0.3 2 0.99 0.0433777 0.224696 0.124444
0.3 4 0 0.0655067 0.0200899 0.0168412
0.3 4 0.19 0.057485 0.0218682 0.0168412
0.3 4 0.36 0.0520163 0.0243975 0.0168412
0.3 4 0.51 0.0481186 0.0277425 0.0168412
0.3 4 0.64 0.0453521 0.0319031 0.0168412
0.3 4 0.75 0.0434707 0.0367735 0.0168412
0.3 4 0.84 0.0422859 0.0420717 0.0168412
0.3 4 0.9 0.0417054 0.0464762 0.0168412
0.3 4 0.96 0.0413335 0.0517487 0.0168412
0.3 4 0.99 0.0412463 0.0547544 0.0168412
0.3 6 0 0.0654948 0.00290409 0.00227921
0.3 6 0.19 0.0574666 0.00327456 0.00227921
0.3 6 0.36 0.0519898 0.00383287 0.00227921
0.3 6 0.51 0.0480817 0.00462609 0.00227921
0.3 6 0.64 0.0453025 0.00569833 0.00227921
0.3 6 0.75 0.0434064 0.00707361 0.00227921
0.3 6 0.84 0.0422052 0.00871989 0.00227921
0.3 6 0.9 0.0416102 0.0102114 0.00227921
0.3 6 0.96 0.0412192 0.0120906 0.00227921
0.3 6 0.99 0.04112 0.0132738 0.00227921
0.3 8 0 0.0654944 0.000413417 0.000308457
0.3 8 0.19 0.0574662 0.000481781 0.000308457
0.3 8 0.36 0.0519891 0.000590626 0.000308457
0.3 8 0.51 0.0480807 0.000756235 0.000308457
0.3 8 0.64 0.045301 0.000998292 0.000308457
0.3 8 0.75 0.0434041 0.00133663 0.000308457
0.3 8 0.84 0.0422018 0.00178011 0.000308457
0.3 8 0.9 0.0416058 0.00221686 0.000308457
0.3 8 0.96 0.0412131 0.00283323 0.000308457
0.3 8 0.99 0.0411126 0.00323611 0.000308457
0.3 12 0 0.0654945 8.35716e-006 5.64959e-006
0.3 12 0.19 0.0574662 1.03475e-005 5.64959e-006
0.3 12 0.36 0.0519891 1.38616e-005 5.64959e-006
0.3 12 0.51 0.0480807 1.99251e-005 5.64959e-006
0.3 12 0.64 0.045301 3.01738e-005 5.64959e-006
0.3 12 0.75 0.043404 4.70054e-005 5.64959e-006
0.3 12 0.84 0.0422017 7.32129e-005 5.64959e-006
0.3 12 0.9 0.0416056 0.000103451 5.64959e-006
0.3 12 0.96 0.0412127 0.000151984 5.64959e-006
0.3 12 0.99 0.0411121 0.000189246 5.64959e-006
0.5 0.25 0 0.0863796 0.738848 0.716839
0.5 0.25 0.19 0.0814181 0.745889 0.716839
0.5 0.25 0.36 0.0780058 0.754769 0.716839
0.5 0.25 0.51 0.075496 0.764944 0.716839
0.5 0.25 0.64 0.0736206 0.775588 0.716839
0.5 0.25 0.75 0.0722635 0.785846 0.716839
0.5 0.25 0.84 0.0713548 0.794982 0.716839
0.5 0.25 0.9 0.0708903 0.801379 0.716839
0.5 0.25 0.96 0.0705929 0.807869 0.716839
0.5 0.25 0.99 0.0705473 0.811249 0.716839
0.5 0.5 0 0.0903111 0.592048 0.55805
0.5 0.5 0.19 0.0821745 0.603255 0.55805
0.5 0.5 0.36 0.0764887 0.617532 0.55805
0.5 0.5 0.51 0.0722615 0.634141 0.55805
0.5 0.5 0.64 0.0690906 0.651883 0.55805
0.5 0.5 0.75 0.0668025 0.669398 0.55805
0.5 0.5 0.84 0.0652866 0.685367 0.55805
0.5 0.5 0.9 0.0645268 0.696744 0.55805
0.5 0.5 0.96 0.0640604 0.708426 0.55805
0.5 0.5 0.99 0.0640049 0.714541 0.55805
0.5 0.75 0 0.0922798 0.474178 0.434503
0.5 0.75 0.19 0.0820651 0.48758 0.434503
0.5 0.75 0.36 0.0748269 0.504804 0.434503
0.5 0.75 0.51 0.0694052 0.525106 0.434503
0.5 0.75 0.64 0.0653355 0.547212 0.434503
0.5 0.75 0.75 0.0624099 0.56953 0.434503
0.5 0.75 0.84 0.0604868 0.590156 0.434503
0.5 0.75 0.9 0.05953 0.605267 0.434503
0.5 0.75 0.96 0.0589716 0.621233 0.434503
0.5 0.75 0.99 0.0589192 0.629496 0.434503
0.5 1 0 0.0932009 0.379314 0.338341
0.5 1 0.19 0.0815959 0.393619 0.338341
0.5 1 0.36 0.0732709 0.412144 0.338341
0.5 1 0.51 0.0669976 0.43425 0.338341
0.5 1 0.64 0.0622899 0.458728 0.338341
0.5 1 0.75 0.0589189 0.483955 0.338341
0.5 1 0.84 0.0567143 0.50798 0.338341
0.5 1 0.9 0.055631 0.525706 0.338341
0.5 1 0.96 0.0549974 0.544395 0.338341
0.5 1 0.99 0.0549482 0.554321 0.338341
0.5 1.5 0 0.0936536 0.242628 0.205185
0.5 1.5 0.19 0.0804566 0.256376 0.205185
0.5 1.5 0.36 0.0707984 0.274453 0.205185
0.5 1.5 0.51 0.0634449 0.296512 0.205185
0.5 1.5 0.64 0.0579311 0.321722 0.205185
0.5 1.5 0.75 0.054014 0.348708 0.205185
0.5 1.5 0.84 0.0514744 0.375213 0.205185
0.5 1.5 0.9 0.0502345 0.395671 0.205185
0.5 1.5 0.96 0.0495277 0.418201 0.205185
0.5 1.5 0.99 0.0494751 0.430177 0.205185
0.5 2 0 0.0935732 0.154708 0.124444
0.5 2 0.19 0.0796262 0.166472 0.124444
0.5 2 0.36 0.0692719 0.182186 0.124444
0.5 2 0.51 0.0613117 0.201793 0.124444
0.5 2 0.64 0.0553232 0.224862 0.124444
0.5 2 0.75 0.0510798 0.250432 0.124444
0.5 2 0.84 0.0483456 0.276747 0.124444
0.5 2 0.9 0.0470132 0.297514 0.124444
0.5 2 0.96 0.0462311 0.320698 0.124444
0.5 2 0.99 0.0461565 0.333497 0.124444
0.5 4 0 0.0933175 0.0251755 0.0168412
0.5 4 0.19 0.0787629 0.029076 0.0168412
0.5 4 0.36 0.067743 0.0346832 0.0168412
0.5 4 0.51 0.0590961 0.0423593 0.0168412
0.5 4 0.64 0.0524654 0.052457 0.0168412
0.5 4 0.75 0.047691 0.0651659 0.0168412
0.5 4 0.84 0.0445684 0.0801563 0.0168412
0.5 4 0.9 0.0430055 0.0935493 0.0168412
0.5 4 0.96 0.0420003 0.110343 0.0168412
0.5 4 0.99 0.0417931 0.120488 0.0168412
0.5 6 0 0.0933045 0.00401509 0.00227921
0.5 6 0.19 0.0787278 0.00496316 0.00227921
0.5 6 0.36 0.0676743 0.00643994 0.00227921
0.5 6 0.51 0.0589785 0.00866217 0.00227921
0.5 6 0.64 0.0522825 0.0119167 0.00227921
0.5 6 0.75 0.0474294 0.0165262 0.00227921
0.5 6 0.84 0.0442216 0.0226221 0.00227921
0.5 6 0.9 0.0425882 0.0288216 0.00227921
0.5 6 0.96 0.0414936 0.0376954 0.00227921
0.5 6 0.99 0.0412233 0.0435023 0.00227921
0.5 8 0 0.0933041 0.00062737 0.000308457
0.5 8 0.19 0.0787267 0.00082938 0.000308457
0.5 8 0.36 0.0676718 0.00117086 0.000308457
0.5 8 0.51 0.0589736 0.00173586 0.000308457
0.5 8 0.64 0.052273 0.0026547 0.000308457
0.5 8 0.75 0.0474124 0.004113 0.000308457
0.5 8 0.84 0.0441942 0.00631766 0.000308457
0.5 8 0.9 0.0425492 0.00880134 0.000308457
0.5 8 0.96 0.0414352 0.0127346 0.000308457
0.5 8 0.99 0.0411493 0.0156188 0.000308457
0.5 12 0 0.0933041 1.50864e-005 5.64959e-006
0.5 12 0.19 0.0787267 2.27547e-005 5.64959e-006
0.5 12 0.36 0.0676718 3.80062e-005 5.64959e-006
0.5 12 0.51 0.0589733 6.84196e-005 5.64959e-006
0.5 12 0.64 0.0522725 0.000129135 5.64959e-006
0.5 12 0.75 0.0474114 0.000249207 5.64959e-006
0.5 12 0.84 0.0441919 0.000475002 5.64959e-006
0.5 12 0.9 0.0425453 0.000795124 5.64959e-006
0.5 12 0.96 0.041428 0.00144568 5.64959e-006
0.5 12 0.99 0.0411386 0.00201942 5.64959e-006
0.7 0.25 0 0.105039 0.75746 0.716839
0.7 0.25 0.19 0.0976176 0.766919 0.716839
0.7 0.25 0.36 0.0916378 0.778318 0.716839
0.7 0.25 0.51 0.086515 0.791228 0.716839
0.7 0.25 0.64 0.0821765 0.804809 0.716839
0.7 0.25 0.75 0.0787175 0.818094 0.716839
0.7 0.25 0.84 0.0762163 0.830162 0.716839
0.7 0.25 0.9 0.0748501 0.83875 0.716839
0.7 0.25 0.96 0.0738846 0.847845 0.716839
0.7 0.25 0.99 0.0736701 0.852623 0.716839
0.7 0.5 0 0.121263 0.62255 0.55805
0.7 0.5 0.19 0.109108 0.637845 0.55805
0.7 0.5 0.36 0.0992538 0.656561 0.55805
0.7 0.5 0.51 0.0907677 0.678181 0.55805
0.7 0.5 0.64 0.0835246 0.701535 0.55805
0.7 0.5 0.75 0.0776913 0.72508 0.55805
0.7 0.5 0.84 0.0734372 0.747093 0.55805
0.7 0.5 0.9 0.0711068 0.763081 0.55805
0.7 0.5 0.96 0.0694705 0.78022 0.55805
0.7 0.5 0.99 0.0691206 0.789248 0.55805
0.7 0.75 0 0.131149 0.511582 0.434503
0.7 0.75 0.19 0.115882 0.530258 0.434503
0.7 0.75 0.36 0.103455 0.55338 0.434503
0.7 0.75 0.51 0.092752 0.580521 0.434503
0.7 0.75 0.64 0.0836013 0.610521 0.434503
0.7 0.75 0.75 0.0762179 0.64152 0.434503
0.7 0.75 0.84 0.0707508 0.671448 0.434503
0.7 0.75 0.9 0.0677313 0.693726 0.434503
0.7 0.75 0.96 0.0656353 0.71783 0.434503
0.7 0.75 0.99 0.0651945 0.730456 0.434503
0.7 1 0 0.137097 0.420116 0.338341
0.7 1 0.19 0.119714 0.440533 0.338341
0.7 1 0.36 0.105514 0.466045 0.338341
0.7 1 0.51 0.0933087 0.496399 0.338341
0.7 1 0.64 0.0828963 0.530631 0.338341
0.7 1 0.75 0.0744447 0.56702 0.338341
0.7 1 0.84 0.0681934 0.602933 0.338341
0.7 1 0.9 0.0647299 0.630143 0.338341
0.7 1 0.96 0.0623089 0.660185 0.338341
0.7 1 0.99 0.0618243 0.676204 0.338341
0.7 1.5 0 0.142535 0.283372 0.205185
0.7 1.5 0.19 0.122603 0.30414 0.205185
0.7 1.5 0.36 0.106198 0.330513 0.205185
0.7 1.5 0.51 0.0921578 0.362621 0.205185
0.7 1.5 0.64 0.0803023 0.400105 0.205185
0.7 1.5 0.75 0.0707705 0.441612 0.205185
0.7 1.5 0.84 0.0636818 0.484863 0.205185
0.7 1.5 0.9 0.0597127 0.51918 0.205185
0.7 1.5 0.96 0.0569485 0.558151 0.205185
0.7 1.5 0.99 0.056409 0.579101 0.205185
0.7 2 0 0.144252 0.190773 0.124444
0.7 2 0.19 0.122983 0.209699 0.124444
0.7 2 0.36 0.105318 0.234122 0.124444
0.7 2 0.51 0.0901886 0.264504 0.124444
0.7 2 0.64 0.0775072 0.301063 0.124444
0.7 2 0.75 0.0674085 0.343313 0.124444
0.7 2 0.84 0.0599966 0.389115 0.124444
0.7 2 0.9 0.0558584 0.426803 0.124444
0.7 2 0.96 0.0529584 0.471382 0.124444
0.7 2 0.99 0.0524154 0.496141 0.124444
0.7 4 0 0.144857 0.0386707 0.0168412
0.7 4 0.19 0.122215 0.0468949 0.0168412
0.7 4 0.36 0.102962 0.0584082 0.0168412
0.7 4 0.51 0.0861347 0.0741614 0.0168412
0.7 4 0.64 0.0718587 0.0953826 0.0168412
0.7 4 0.75 0.060542 0.12339 0.0168412
0.7 4 0.84 0.0524541 0.158727 0.0168412
0.7 4 0.9 0.0480885 0.192368 0.0168412
0.7 4 0.96 0.045088 0.238253 0.0168412
0.7 4 0.99 0.0444831 0.266584 0.0168412
0.7 6 0 0.144844 0.00768931 0.00227921
0.7 6 0.19 0.122114 0.0103117 0.00227921
0.7 6 0.36 0.102708 0.0143559 0.00227921
0.7 6 0.51 0.0856342 0.0205048 0.00227921
0.7 6 0.64 0.0710001 0.0297803 0.00227921
0.7 6 0.75 0.0592403 0.0435344 0.00227921
0.7 6 0.84 0.0507254 0.0635125 0.00227921
0.7 6 0.9 0.0461042 0.0853465 0.00227921
0.7 6 0.96 0.0428986 0.119375 0.00227921
0.7 6 0.99 0.0421554 0.142724 0.00227921
0.7 8 0 0.144843 0.00150298 0.000308457
0.7 8 0.19 0.122108 0.0022349 0.000308457
0.7 8 0.36 0.10269 0.00348606 0.000308457
0.7 8 0.51 0.0855913 0.00560994 0.000308457
0.7 8 0.64 0.0709064 0.00920291 0.000308457
0.7 8 0.75 0.059058 0.0152429 0.000308457
0.7 8 0.84 0.0504151 0.0251552 0.000308457
0.7 8 0.9 0.0456761 0.0373491 0.000308457
0.7 8 0.96 0.0423286 0.0593014 0.000308457
0.7 8 0.99 0.0414863 0.0764219 0.000308457
0.7 12 0 0.144843 5.66692e-005 5.64959e-006
0.7 12 0.19 0.122108 0.000103929 5.64959e-006
0.7 12 0.36 0.10269 0.00020398 5.64959e-006
0.7 12 0.51 0.0855881 0.000416901 5.64959e-006
0.7 12 0.64 0.0708964 0.000871135 5.64959e-006
0.7 12 0.75 0.0590317 0.00183055 5.64959e-006
0.7 12 0.84 0.0503563 0.00385222 5.64959e-006
0.7 12 0.9 0.0455755 0.00701798 5.64959e-006
0.7 12 0.96 0.0421531 0.0144261 5.64959e-006
0.7 12 0.99 0.0412405 0.0216902 5.64959e-006
0.8 0.25 0 0.119521 0.771919 0.716839
0.8 0.25 0.19 0.110682 0.782414 0.716839
0.8 0.25 0.36 0.102919 0.794607 0.716839
0.8 0.25 0.51 0.0957625 0.808219 0.716839
0.8 0.25 0.64 0.0893296 0.822493 0.716839
0.8 0.25 0.75 0.0839331 0.836513 0.716839
0.8 0.25 0.84 0.0798482 0.849377 0.716839
0.8 0.25 0.9 0.077522 0.858683 0.716839
0.8 0.25 0.96 0.0757962 0.868691 0.716839
0.8 0.25 0.99 0.0753643 0.874082 0.716839
0.8 0.5 0 0.14633 0.647375 0.55805
0.8 0.5 0.19 0.131856 0.664486 0.55805
0.8 0.5 0.36 0.11908 0.684711 0.55805
0.8 0.5 0.51 0.107212 0.707789 0.55805
0.8 0.5 0.64 0.0963947 0.73271 0.55805
0.8 0.5 0.75 0.0871507 0.758029 0.55805
0.8 0.5 0.84 0.0800286 0.782012 0.55805
0.8 0.5 0.9 0.0759271 0.799749 0.55805
0.8 0.5 0.96 0.0728716 0.819058 0.55805
0.8 0.5 0.99 0.0721098 0.829415 0.55805
0.8 0.75 0 0.163763 0.543368 0.434503
0.8 0.75 0.19 0.145585 0.564518 0.434503
0.8 0.75 0.36 0.129521 0.589828 0.434503
0.8 0.75 0.51 0.114585 0.619192 0.434503
0.8 0.75 0.64 0.100877 0.651707 0.434503
0.8 0.75 0.75 0.0890361 0.685717 0.434503
0.8 0.75 0.84 0.0797004 0.719019 0.434503
0.8 0.75 0.9 0.07424 0.744246 0.434503
0.8 0.75 0.96 0.0701716 0.772007 0.434503
0.8 0.75 0.99 0.0691625 0.787071 0.434503
0.8 1 0 0.175008 0.456211 0.338341
0.8 1 0.19 0.154304 0.479678 0.338341
0.8 1 0.36 0.136007 0.508021 0.338341
0.8 1 0.51 0.119044 0.541349 0.338341
0.8 1 0.64 0.103452 0.579035 0.338341
0.8 1 0.75 0.0898153 0.619614 0.338341
0.8 1 0.84 0.0789624 0.660431 0.338341
0.8 1 0.9 0.0725375 0.692053 0.338341
0.8 1 0.96 0.0676817 0.727545 0.338341
0.8 1 0.99 0.0664858 0.746769 0.338341
0.8 1.5 0 0.186519 0.322214 0.205185
0.8 1.5 0.19 0.162722 0.347008 0.205185
0.8 1.5 0.36 0.141684 0.377392 0.205185
0.8 1.5 0.51 0.122358 0.413863 0.205185
0.8 1.5 0.64 0.104746 0.456538 0.205185
0.8 1.5 0.75 0.089331 0.504606 0.205185
0.8 1.5 0.84 0.0767865 0.555789 0.205185
0.8 1.5 0.9 0.0691553 0.597385 0.205185
0.8 1.5 0.96 0.0633057 0.645572 0.205185
0.8 1.5 0.99 0.0618723 0.672332 0.205185
0.8 2 0 0.19096 0.227632 0.124444
0.8 2 0.19 0.165459 0.251256 0.124444
0.8 2 0.36 0.142817 0.280619 0.124444
0.8 2 0.51 0.122122 0.316517 0.124444
0.8 2 0.64 0.103467 0.359695 0.124444
0.8 2 0.75 0.0872605 0.410361 0.124444
0.8 2 0.84 0.0741016 0.466766 0.124444
0.8 2 0.9 0.0659952 0.51463 0.124444
0.8 2 0.96 0.0596396 0.572492 0.124444
0.8 2 0.99 0.0580826 0.605076 0.124444
0.8 4 0 0.193513 0.0564989 0.0168412
0.8 4 0.19 0.165985 0.0691241 0.0168412
0.8 4 0.36 0.140971 0.0860889 0.0168412
0.8 4 0.51 0.117737 0.108665 0.0168412
0.8 4 0.64 0.0967537 0.138635 0.0168412
0.8 4 0.75 0.0789079 0.178303 0.0168412
0.8 4 0.84 0.0650213 0.229533 0.0168412
0.8 4 0.9 0.0567515 0.280185 0.0168412
0.8 4 0.96 0.0502894 0.351632 0.0168412
0.8 4 0.99 0.0486852 0.396555 0.0168412
0.8 6 0 0.193555 0.0138793 0.00227921
0.8 6 0.19 0.165836 0.0188959 0.00227921
0.8 6 0.36 0.140478 0.0263258 0.00227921
0.8 6 0.51 0.116671 0.0372603 0.00227921
0.8 6 0.64 0.0948478 0.0533532 0.00227921
0.8 6 0.75 0.0759818 0.0770209 0.00227921
0.8 6 0.84 0.0612179 0.111694 0.00227921
0.8 6 0.9 0.0525967 0.150769 0.00227921
0.8 6 0.96 0.0461323 0.214141 0.00227921
0.8 6 0.99 0.0445287 0.259478 0.00227921
0.8 8 0 0.193557 0.00337727 0.000308457
0.8 8 0.19 0.165821 0.00513023 0.000308457
0.8 8 0.36 0.140423 0.00801292 0.000308457
0.8 8 0.51 0.116525 0.0127365 0.000308457
0.8 8 0.64 0.0945142 0.0204789 0.000308457
0.8 8 0.75 0.075319 0.0332102 0.000308457
0.8 8 0.84 0.0600999 0.0540615 0.000308457
0.8 8 0.9 0.0511226 0.0803961 0.000308457
0.8 8 0.96 0.044419 0.129725 0.000308457
0.8 8 0.99 0.0427112 0.169284 0.000308457
0.8 12 0 0.193556 0.000199074 5.64959e-006
0.8 12 0.19 0.165819 0.000377318 5.64959e-006
0.8 12 0.36 0.140417 0.000741707 5.64959e-006
0.8 12 0.51 0.116505 0.00148762 5.64959e-006
0.8 12 0.64 0.0944549 0.00301475 5.64959e-006
0.8 12 0.75 0.0751612 0.00612954 5.64959e-006
0.8 12 0.84 0.0597416 0.0125147 5.64959e-006
0.8 12 0.9 0.0505218 0.0225382 5.64959e-006
0.8 12 0.96 0.0435016 0.0467941 5.64959e-006
0.8 12 0.99 0.0415974 0.0718386 5.64959e-006
0.9 0.25 0 0.140542 0.792914 0.716839
0.9 0.25 0.19 0.130121 0.804294 0.716839
0.9 0.25 0.36 0.120125 0.816854 0.716839
0.9 0.25 0.51 0.11024 0.830512 0.716839
0.9 0.25 0.64 0.100806 0.844633 0.716839
0.9 0.25 0.75 0.0924074 0.858401 0.716839
0.9 0.25 0.84 0.0856326 0.871029 0.716839
0.9 0.25 0.9 0.0814764 0.880243 0.716839
0.9 0.25 0.96 0.078146 0.890386 0.716839
0.9 0.25 0.99 0.0771834 0.896111 0.716839
0.9 0.5 0 0.184495 0.685285 0.55805
0.9 0.5 0.19 0.167405 0.703972 0.55805
0.9 0.5 0.36 0.150881 0.724962 0.55805
0.9 0.5 0.51 0.13432 0.748315 0.55805
0.9 0.5 0.64 0.118163 0.773248 0.55805
0.9 0.5 0.75 0.103377 0.798495 0.55805
0.9 0.5 0.84 0.0911345 0.822497 0.55805
0.9 0.5 0.9 0.0834863 0.840469 0.55805
0.9 0.5 0.96 0.0773 0.860503 0.55805
0.9 0.5 0.99 0.0754959 0.871805 0.55805
0.9 0.75 0 0.215608 0.594313 0.434503
0.9 0.75 0.19 0.194124 0.617702 0.434503
0.9 0.75 0.36 0.17331 0.64427 0.434503
0.9 0.75 0.51 0.152342 0.674317 0.434503
0.9 0.75 0.64 0.131581 0.707248 0.434503
0.9 0.75 0.75 0.112174 0.74173 0.434503
0.9 0.75 0.84 0.0955807 0.77572 0.434503
0.9 0.75 0.9 0.0850458 0.801845 0.434503
0.9 0.75 0.96 0.0764115 0.831418 0.434503
0.9 0.75 0.99 0.0738822 0.848112 0.434503
0.9 1 0 0.237602 0.516762 0.338341
0.9 1 0.19 0.21312 0.543158 0.338341
0.9 1 0.36 0.18942 0.573367 0.338341
0.9 1 0.51 0.165543 0.607928 0.338341
0.9 1 0.64 0.141709 0.64662 0.338341
0.9 1 0.75 0.118962 0.688387 0.338341
0.9 1 0.84 0.0991449 0.730881 0.338341
0.9 1 0.9 0.0862354 0.76446 0.338341
0.9 1 0.96 0.0755075 0.803115 0.338341
0.9 1 0.99 0.0723395 0.825013 0.338341
0.9 1.5 0 0.263757 0.393316 0.205185
0.9 1.5 0.19 0.235588 0.422541 0.205185
0.9 1.5 0.36 0.208426 0.456318 0.205185
0.9 1.5 0.51 0.181297 0.495527 0.205185
0.9 1.5 0.64 0.154198 0.540777 0.205185
0.9 1.5 0.75 0.12786 0.592012 0.205185
0.9 1.5 0.84 0.103864 0.647476 0.205185
0.9 1.5 0.9 0.0876183 0.693644 0.205185
0.9 1.5 0.96 0.0736476 0.748906 0.205185
0.9 1.5 0.99 0.0694603 0.780704 0.205185
0.9 2 0 0.276658 0.300883 0.124444
0.9 2 0.19 0.246415 0.330421 0.124444
0.9 2 0.36 0.217266 0.364892 0.124444
0.9 2 0.51 0.188395 0.405338 0.124444
0.9 2 0.64 0.159827 0.45299 0.124444
0.9 2 0.75 0.131974 0.508969 0.124444
0.9 2 0.84 0.106157 0.572538 0.124444
0.9 2 0.9 0.0879833 0.628265 0.124444
0.9 2 0.96 0.071794 0.697795 0.124444
0.9 2 0.99 0.0668346 0.738586 0.124444
0.9 4 0 0.289083 0.104844 0.0168412
0.9 4 0.19 0.256128 0.126084 0.0168412
0.9 4 0.36 0.223697 0.152539 0.0168412
0.9 4 0.51 0.191313 0.185504 0.0168412
0.9 4 0.64 0.159661 0.226937 0.0168412
0.9 4 0.75 0.129853 0.279993 0.0168412
0.9 4 0.84 0.10301 0.348587 0.0168412
0.9 4 0.9 0.0836983 0.418979 0.0168412
0.9 4 0.96 0.06483 0.52293 0.0168412
0.9 4 0.99 0.0585085 0.591107 0.0168412
0.9 6 0 0.290163 0.0366908 0.00227921
0.9 6 0.19 0.256881 0.0484412 0.00227921
0.9 6 0.36 0.22375 0.06439 0.00227921
0.9 6 0.51 0.190132 0.0859867 0.00227921
0.9 6 0.64 0.156666 0.115326 0.00227921
0.9 6 0.75 0.124835 0.155733 0.00227921
0.9 6 0.84 0.096718 0.212824 0.00227921
0.9 6 0.9 0.0774999 0.278001 0.00227921
0.9 6 0.96 0.0592218 0.389478 0.00227921
0.9 6 0.99 0.0528719 0.472445 0.00227921
0.9 8 0 0.290281 0.0128243 0.000308457
0.9 8 0.19 0.256969 0.0186097 0.000308457
0.9 8 0.36 0.223713 0.0272143 0.000308457
0.9 8 0.51 0.189768 0.0399693 0.000308457
0.9 8 0.64 0.155618 0.058878 0.000308457
0.9 8 0.75 0.122625 0.0871602 0.000308457
0.9 8 0.84 0.0930998 0.130319 0.000308457
0.9 8 0.9 0.0731696 0.184208 0.000308457
0.9 8 0.96 0.0551782 0.28881 0.000308457
0.9 8 0.99 0.0490891 0.376871 0.000308457
0.9 12 0 0.290297 0.00156912 5.64959e-006
0.9 12 0.19 0.256983 0.00275141 5.64959e-006
0.9 12 0.36 0.223701 0.00487159 5.64959e-006
0.9 12 0.51 0.189664 0.00866224 5.64959e-006
0.9 12 0.64 0.155242 0.0154175 5.64959e-006
0.9 12 0.75 0.121589 0.0274476 5.64959e-006
0.9 12 0.84 0.0908005 0.0491721 5.64959e-006
0.9 12 0.9 0.0695564 0.0808367 5.64959e-006
0.9 12 0.96 0.0508064 0.15753 5.64959e-006
0.9 12 0.99 0.0449326 0.239224 5.64959e-006
0.95 0.25 0 0.155065 0.807427 0.716839
0.95 0.25 0.19 0.143794 0.819191 0.716839
0.95 0.25 0.36 0.132518 0.831779 0.716839
0.95 0.25 0.51 0.121008 0.845213 0.716839
0.95 0.25 0.64 0.109702 0.858911 0.716839
0.95 0.25 0.75 0.0992998 0.872078 0.716839
0.95 0.25 0.84 0.0905218 0.883972 0.716839
0.95 0.25 0.9 0.0848255 0.892528 0.716839
0.95 0.25 0.96 0.0798468 0.901919 0.716839
0.95 0.25 0.99 0.0781959 0.9074 0.716839
0.95 0.5 0 0.2122 0.712859 0.55805
0.95 0.5 0.19 0.193675 0.732227 0.55805
0.95 0.5 0.36 0.174938 0.75329 0.55805
0.95 0.5 0.51 0.155479 0.776278 0.55805
0.95 0.5 0.64 0.135846 0.800491 0.55805
0.95 0.5 0.75 0.117181 0.8247 0.55805
0.95 0.5 0.84 0.100937 0.847421 0.55805
0.95 0.5 0.9 0.0901638 0.864236 0.55805
0.95 0.5 0.96 0.0806374 0.882983 0.55805
0.95 0.5 0.99 0.0774544 0.893923 0.55805
0.95 0.75 0 0.255047 0.633268 0.434503
0.95 0.75 0.19 0.231719 0.657654 0.434503
0.95 0.75 0.36 0.208025 0.684413 0.434503
0.95 0.75 0.51 0.183201 0.714055 0.434503
0.95 0.75 0.64 0.157663 0.746094 0.434503
0.95 0.75 0.75 0.132713 0.779276 0.434503
0.95 0.75 0.84 0.110225 0.811629 0.434503
0.95 0.75 0.9 0.0950119 0.836294 0.434503
0.95 0.75 0.96 0.0813325 0.864262 0.434503
0.95 0.75 0.99 0.0767233 0.880621 0.434503
0.95 1 0 0.287342 0.565385 0.338341
0.95 1 0.19 0.26072 0.593133 0.338341
0.95 1 0.36 0.233665 0.623751 0.338341
0.95 1 0.51 0.205236 0.65798 0.338341
0.95 1 0.64 0.175615 0.695739 0.338341
0.95 1 0.75 0.145928 0.736075 0.338341
0.95 1 0.84 0.118473 0.776791 0.338341
0.95 1 0.9 0.0993538 0.808765 0.338341
0.95 1 0.96 0.0819173 0.845753 0.338341
0.95 1 0.99 0.076003 0.86749 0.338341
0.95 1.5 0 0.330075 0.456095 0.205185
0.95 1.5 0.19 0.299396 0.487638 0.205185
0.95 1.5 0.36 0.268309 0.52261 0.205185
0.95 1.5 0.51 0.235803 0.562044 0.205185
0.95 1.5 0.64 0.201638 0.606663 0.205185
0.95 1.5 0.75 0.166365 0.656648 0.205185
0.95 1.5 0.84 0.131902 0.710509 0.205185
0.95 1.5 0.9 0.106756 0.755331 0.205185
0.95 1.5 0.96 0.0828684 0.809474 0.205185
0.95 1.5 0.99 0.0745961 0.841732 0.205185
0.95 2 0 0.35506 0.371743 0.124444
0.95 2 0.19 0.322108 0.404781 0.124444
0.95 2 0.36 0.288738 0.441622 0.124444
0.95 2 0.51 0.254097 0.483325 0.124444
0.95 2 0.64 0.217865 0.531161 0.124444
0.95 2 0.75 0.179978 0.586507 0.124444
0.95 2 0.84 0.141778 0.649212 0.124444
0.95 2 0.9 0.112466 0.704401 0.124444
0.95 2 0.96 0.083494 0.774213 0.124444
0.95 2 0.99 0.0732281 0.816693 0.124444
0.95 4 0 0.389532 0.17068 0.0168412
0.95 4 0.19 0.35388 0.19977 0.0168412
0.95 4 0.36 0.316909 0.233945 0.0168412
0.95 4 0.51 0.278233 0.274166 0.0168412
0.95 4 0.64 0.238359 0.321917 0.0168412
0.95 4 0.75 0.197853 0.380089 0.0168412
0.95 4 0.84 0.156902 0.453501 0.0168412
0.95 4 0.9 0.122868 0.529297 0.0168412
0.95 4 0.96 0.0838179 0.644503 0.0168412
0.95 4 0.99 0.0682188 0.72303 0.0168412
0.95 6 0 0.395902 0.0796287 0.00227921
0.95 6 0.19 0.360294 0.100179 0.00227921
0.95 6 0.36 0.322731 0.126075 0.00227921
0.95 6 0.51 0.282597 0.158619 0.00227921
0.95 6 0.64 0.240389 0.199472 0.00227921
0.95 6 0.75 0.197444 0.251427 0.00227921
0.95 6 0.84 0.155475 0.320272 0.00227921
0.95 6 0.9 0.121996 0.397426 0.00227921
0.95 6 0.96 0.0818209 0.533537 0.00227921
0.95 6 0.99 0.0639233 0.639207 0.00227921
0.95 8 0 0.397254 0.0372388 0.000308457
0.95 8 0.19 0.361843 0.0503622 0.000308457
0.95 8 0.36 0.324297 0.0681463 0.000308457
0.95 8 0.51 0.283771 0.092144 0.000308457
0.95 8 0.64 0.240493 0.124391 0.000308457
0.95 8 0.75 0.195652 0.167864 0.000308457
0.95 8 0.84 0.151719 0.228134 0.000308457
0.95 8 0.9 0.117867 0.299557 0.000308457
0.95 8 0.96 0.078677 0.440455 0.000308457
0.95 8 0.99 0.0602702 0.564612 0.000308457
0.95 12 0 0.397606 0.00816016 5.64959e-006
0.95 12 0.19 0.362328 0.0127527 5.64959e-006
0.95 12 0.36 0.324877 0.0199508 5.64959e-006
0.95 12 0.51 0.284278 0.0311843 5.64959e-006
0.95 12 0.64 0.240429 0.0485979 5.64959e-006
0.95 12 0.75 0.19404 0.0754657 5.64959e-006
0.95 12 0.84 0.147264 0.117339 5.64959e-006
0.95 12 0.9 0.111065 0.171803 5.64959e-006
0.95 12 0.96 0.0722583 0.298874 5.64959e-006
0.95 12 0.99 0.0546451 0.439139 5.64959e-006
0.99 0.25 0 0.169648 0.822 0.716839
0.99 0.25 0.19 0.157684 0.834061 0.716839
0.99 0.25 0.36 0.145352 0.846645 0.716839
0.99 0.25 0.51 0.132496 0.859863 0.716839
0.99 0.25 0.64 0.119631 0.873168 0.716839
0.99 0.25 0.75 0.107521 0.885767 0.716839
0.99 0.25 0.84 0.096934 0.896881 0.716839
0.99 0.25 0.9 0.0896813 0.904596 0.716839
0.99 0.25 0.96 0.08252 0.912534 0.716839
0.99 0.25 0.99 0.0793386 0.916848 0.716839
0.99 0.5 0 0.241201 0.741751 0.55805
0.99 0.5 0.19 0.221487 0.761635 0.55805
0.99 0.5 0.36 0.200891 0.782681 0.55805
0.99 0.5 0.51 0.178977 0.805264 0.55805
0.99 0.5 0.64 0.15636 0.828732 0.55805
0.99 0.5 0.75 0.13426 0.851839 0.55805
0.99 0.5 0.84 0.11423 0.873012 0.55805
0.99 0.5 0.9 0.100145 0.888138 0.55805
0.99 0.5 0.96 0.0860268 0.903988 0.55805
0.99 0.5 0.99 0.0797215 0.912649 0.55805
0.99 0.75 0 0.298103 0.675921 0.434503
0.99 0.75 0.19 0.273204 0.701037 0.434503
0.99 0.75 0.36 0.247036 0.727814 0.434503
0.99 0.75 0.51 0.218866 0.756909 0.434503
0.99 0.75 0.64 0.1891 0.787903 0.434503
0.99 0.75 0.75 0.159047 0.819488 0.434503
0.99 0.75 0.84 0.130751 0.849585 0.434503
0.99 0.75 0.9 0.110316 0.871744 0.434503
0.99 0.75 0.96 0.089468 0.895422 0.434503
0.99 0.75 0.99 0.0800963 0.908454 0.434503
0.99 1 0 0.343935 0.621029 0.338341
0.99 1 0.19 0.315443 0.649777 0.338341
0.99 1 0.36 0.285429 0.680508 0.338341
0.99 1 0.51 0.252944 0.714126 0.338341
0.99 1 0.64 0.218041 0.750589 0.338341
0.99 1 0.75 0.181747 0.788911 0.338341
0.99 1 0.84 0.146447 0.826721 0.338341
0.99 1 0.9 0.120163 0.855443 0.338341
0.99 1 0.96 0.0928404 0.886826 0.338341
0.99 1 0.99 0.0804632 0.904265 0.338341
0.99 1.5 0 0.41189 0.534809 0.205185
0.99 1.5 0.19 0.378862 0.568103 0.205185
0.99 1.5 0.36 0.344116 0.603707 0.205185
0.99 1.5 0.51 0.306542 0.6427 0.205185
0.99 1.5 0.64 0.265536 0.685805 0.205185
0.99 1.5 0.75 0.221144 0.733137 0.205185
0.99 1.5 0.84 0.17512 0.783055 0.205185
0.99 1.5 0.9 0.138833 0.823378 0.205185
0.99 1.5 0.96 0.0993885 0.869633 0.205185
0.99 1.5 0.99 0.0811741 0.895903 0.205185
0.99 2 0 0.459379 0.46921 0.124444
0.99 2 0.19 0.423744 0.505085 0.124444
0.99 2 0.36 0.386216 0.54349 0.124444
0.99 2 0.51 0.345846 0.585416 0.124444
0.99 2 0.64 0.30176 0.631955 0.124444
0.99 2 0.75 0.252999 0.684387 0.124444
0.99 2 0.84 0.200139 0.742454 0.124444
0.99 2 0.9 0.155984 0.792253 0.124444
0.99 2 0.96 0.105656 0.852436 0.124444
0.99 2 0.99 0.081856 0.887568 0.124444
0.99 4 0 0.558622 0.30316 0.0168412
0.99 4 0.19 0.52022 0.341086 0.0168412
0.99 4 0.36 0.478344 0.383234 0.0168412
0.99 4 0.51 0.432674 0.430028 0.0168412
0.99 4 0.64 0.383215 0.481957 0.0168412
0.99 4 0.75 0.329168 0.540753 0.0168412
0.99 4 0.84 0.267838 0.610591 0.0168412
0.99 4 0.9 0.209106 0.680608 0.0168412
0.99 4 0.96 0.127899 0.784754 0.0168412
0.99 4 0.99 0.0842952 0.854495 0.0168412
0.99 6 0 0.600082 0.206719 0.00227921
0.99 6 0.19 0.563291 0.241369 0.00227921
0.99 6 0.36 0.521721 0.28172 0.00227921
0.99 6 0.51 0.474695 0.328463 0.00227921
0.99 6 0.64 0.422328 0.382033 0.00227921
0.99 6 0.75 0.365007 0.443163 0.00227921
0.99 6 0.84 0.301807 0.515209 0.00227921
0.99 6 0.9 0.241001 0.590282 0.00227921
0.99 6 0.96 0.145524 0.720439 0.00227921
0.99 6 0.99 0.0863409 0.821978 0.00227921
0.99 8 0 0.619587 0.143794 0.000308457
0.99 8 0.19 0.585046 0.173812 0.000308457
0.99 8 0.36 0.545143 0.210168 0.000308457
0.99 8 0.51 0.49877 0.254062 0.000308457
0.99 8 0.64 0.445525 0.306471 0.000308457
0.99 8 0.75 0.385757 0.3682 0.000308457
0.99 8 0.84 0.32013 0.441253 0.000308457
0.99 8 0.9 0.258961 0.517199 0.000308457
0.99 8 0.96 0.158702 0.660796 0.000308457
0.99 8 0.99 0.0879937 0.790089 0.000308457
0.99 12 0 0.633816 0.0711838 5.64959e-006
0.99 12 0.19 0.60238 0.0920301 5.64959e-006
0.99 12 0.36 0.565652 0.119142 5.64959e-006
0.99 12 0.51 0.521923 0.154347 5.64959e-006
0.99 12 0.64 0.469851 0.199741 5.64959e-006
0.99 12 0.75 0.408594 0.257448 5.64959e-006
0.99 12 0.84 0.338753 0.329644 5.64959e-006
0.99 12 0.9 0.27503 0.405005 5.64959e-006
0.99 12 0.96 0.174341 0.55674 5.64959e-006
0.99 12 0.99 0.0904066 0.728647 5.64959e-006
1 0.25 0 0.173826 0.826174 0.716839
1 0.25 0.19 0.161689 0.838311 0.716839
1 0.25 0.36 0.149099 0.850901 0.716839
1 0.25 0.51 0.13592 0.86408 0.716839
1 0.25 0.64 0.122689 0.877311 0.716839
1 0.25 0.75 0.110191 0.889809 0.716839
1 0.25 0.84 0.099211 0.900789 0.716839
1 0.25 0.9 0.0916364 0.908364 0.716839
1 0.25 0.96 0.0839944 0.916006 0.716839
1 0.25 0.99 0.0802008 0.919798 0.716839
1 0.5 0 0.249739 0.750261 0.55805
1 0.5 0.19 0.229727 0.770274 0.55805
1 0.5 0.36 0.208673 0.791327 0.55805
1 0.5 0.51 0.186167 0.813833 0.55805
1 0.5 0.64 0.162842 0.837158 0.55805
1 0.5 0.75 0.139944 0.860057 0.55805
1 0.5 0.84 0.119058 0.880941 0.55805
1 0.5 0.9 0.104245 0.895755 0.55805
1 0.5 0.96 0.0890462 0.910954 0.55805
1 0.5 0.99 0.0814557 0.918544 0.55805
1 0.75 0 0.311143 0.688859 0.434503
1 0.75 0.19 0.285845 0.714156 0.434503
1 0.75 0.36 0.259058 0.740941 0.434503
1 0.75 0.51 0.230072 0.769925 0.434503
1 0.75 0.64 0.19929 0.800707 0.434503
1 0.75 0.75 0.168024 0.831974 0.434503
1 0.75 0.84 0.138375 0.861624 0.434503
1 0.75 0.9 0.11673 0.88327 0.434503
1 0.75 0.96 0.0940982 0.905902 0.434503
1 0.75 0.99 0.0827115 0.917288 0.434503
1 1 0 0.361576 0.638424 0.338341
1 1 0.19 0.332592 0.667409 0.338341
1 1 0.36 0.30183 0.69817 0.338341
1 1 0.51 0.268344 0.731657 0.338341
1 1 0.64 0.232154 0.767845 0.338341
1 1 0.75 0.194261 0.805741 0.338341
1 1 0.84 0.15707 0.842929 0.338341
1 1 0.9 0.129061 0.87094 0.338341
1 1 0.96 0.0991555 0.900846 0.338341
1 1 0.99 0.0839682 0.916032 0.338341
1 1.5 0 0.43895 0.561053 0.205185
1 1.5 0.19 0.405257 0.594745 0.205185
1 1.5 0.36 0.36953 0.630467 0.205185
1 1.5 0.51 0.330657 0.669337 0.205185
1 1.5 0.64 0.287924 0.71207 0.205185
1 1.5 0.75 0.241234 0.758763 0.205185
1 1.5 0.84 0.192273 0.807726 0.205185
1 1.5 0.9 0.153097 0.846902 0.205185
1 1.5 0.96 0.109241 0.890759 0.205185
1 1.5 0.99 0.0864839 0.913516 0.205185
1 2 0 0.496006 0.503994 0.124444
1 2 0.19 0.459518 0.540483 0.124444
1 2 0.36 0.4208 0.579199 0.124444
1 2 0.51 0.378885 0.621115 0.124444
1 2 0.64 0.332734 0.667265 0.124444
1 2 0.75 0.281117 0.718886 0.124444
1 2 0.84 0.22434 0.775657 0.124444
1 2 0.9 0.176106 0.823896 0.124444
1 2 0.96 0.119289 0.880712 0.124444
1 2 0.99 0.0890022 0.910997 0.124444
1 4 0 0.63316 0.366839 0.0168412
1 4 0.19 0.59323 0.406773 0.0168412
1 4 0.36 0.549313 0.450684 0.0168412
1 4 0.51 0.501145 0.498855 0.0168412
1 4 0.64 0.44856 0.551438 0.0168412
1 4 0.75 0.390277 0.609727 0.0168412
1 4 0.84 0.322491 0.677503 0.0168412
1 4 0.9 0.255534 0.744468 0.0168412
1 4 0.96 0.158469 0.841535 0.0168412
1 4 0.99 0.0991014 0.900898 0.0168412
1 6 0 0.709412 0.290604 0.00227921
1 6 0.19 0.670937 0.32907 0.00227921
1 6 0.36 0.626821 0.373162 0.00227921
1 6 0.51 0.576517 0.423458 0.00227921
1 6 0.64 0.520031 0.479944 0.00227921
1 6 0.75 0.457418 0.542574 0.00227921
1 6 0.84 0.386515 0.613484 0.00227921
1 6 0.9 0.315157 0.684841 0.00227921
1 6 0.96 0.195088 0.804912 0.00227921
1 6 0.99 0.109205 0.890794 0.00227921
1 8 0 0.759208 0.240789 0.000308457
1 8 0.19 0.723447 0.276557 0.000308457
1 8 0.36 0.681144 0.318849 0.000308457
1 8 0.51 0.631237 0.368762 0.000308457
1 8 0.64 0.573179 0.426817 0.000308457
1 8 0.75 0.507092 0.492915 0.000308457
1 8 0.84 0.432713 0.567275 0.000308457
1 8 0.9 0.359827 0.640176 0.000308457
1 8 0.96 0.228345 0.771662 0.000308457
1 8 0.99 0.119297 0.880701 0.000308457
1 12 0 0.820664 0.179368 5.64959e-006
1 12 0.19 0.790315 0.209698 5.64959e-006
1 12 0.36 0.752936 0.24703 5.64959e-006
1 12 0.51 0.706719 0.293233 5.64959e-006
1 12 0.64 0.649887 0.350063 5.64959e-006
1 12 0.75 0.581191 0.418795 5.64959e-006
1 12 0.84 0.500599 0.499402 5.64959e-006
1 12 0.9 0.423558 0.576438 5.64959e-006
1 12 0.96 0.284248 0.715751 5.64959e-006
1 12 0.99 0.139269 0.860729 5.64959e-006
